saveMD5 = 90478fef7a08aa86318f23cf5c60d2cf
vesselCount = 0
UT = 138067.1781193694
gameMode = CAREER
gameNull = False
gameCompatible = True
funds = 299389.20128457312
science = 50
reputationPercent = 5
ongoingContracts = 1
saveMD5 = 90478fef7a08aa86318f23cf5c60d2cf
