saveMD5 = 193e34902619b539be8c745bc0974469
vesselCount = 0
UT = 92684.698076260654
gameMode = CAREER
gameNull = False
gameCompatible = True
funds = 167558.10602139233
science = 11
reputationPercent = 3
ongoingContracts = 2
saveMD5 = 193e34902619b539be8c745bc0974469
