saveMD5 = 99a81518842e02da85be46cf8d861262
vesselCount = 2
UT = 481788.7574715332
gameMode = CAREER
gameNull = False
gameCompatible = True
funds = 541751.26478357683
science = 12
reputationPercent = 9
ongoingContracts = 2
saveMD5 = 99a81518842e02da85be46cf8d861262
