saveMD5 = 10d9ac1a87808d5ee96ea95af697495a
vesselCount = 2
UT = 530741.14245379274
gameMode = CAREER
gameNull = False
gameCompatible = True
funds = 293504.77529448865
science = 6
reputationPercent = 13
ongoingContracts = 4
saveMD5 = 10d9ac1a87808d5ee96ea95af697495a
