saveMD5 = 52c5cb290d3f531355bfb8eebc2ba72a
vesselCount = 0
UT = 138060.79811937275
gameMode = CAREER
gameNull = False
gameCompatible = True
funds = 299581.72172342526
science = 50
reputationPercent = 5
ongoingContracts = 1
saveMD5 = 52c5cb290d3f531355bfb8eebc2ba72a
